100.579	15.8748	-3.30496
99.9921	15.974	-3.30373
99.3393	16.0824	-3.30304
98.6779	16.1878	-3.30338
98.0809	16.2807	-3.30461
97.2801	16.4094	-3.30705
96.6088	16.5232	-3.30949
96.0001	16.6278	-3.31229
95.3239	16.7485	-3.3156
94.5831	16.8916	-3.32031
93.9033	17.0229	-3.32468
93.2873	17.1404	-3.32887
92.5988	17.2749	-3.33375
91.9083	17.4108	-3.33881
91.1468	17.5653	-3.34457
90.4491	17.7109	-3.34981
89.8181	17.8425	-3.35452
89.1129	17.993	-3.36011
88.4108	18.1475	-3.36552
87.6351	18.3243	-3.37128
86.9336	18.4919	-3.37651
86.2989	18.6488	-3.38105
85.5152	18.8454	-3.38646
84.8736	19.0084	-3.39013
84.0857	19.2112	-3.39432
83.5094	19.3623	-3.39763
82.6512	19.5936	-3.40025
81.9276	19.7878	-3.40374
81.2039	19.9847	-3.40636
80.4834	20.1862	-3.40828
79.7525	20.3917	-3.41037
79.0176	20.6018	-3.41142
78.282	20.8117	-3.41299
77.5401	21.0212	-3.41439
76.7961	21.2325	-3.41509
76.0489	21.4424	-3.41596
75.2917	21.6522	-3.41666
74.534	21.8649	-3.41631
73.7721	22.0675	-3.41701
73.0083	22.2699	-3.41753
72.2448	22.4752	-3.41735
71.4701	22.6589	-3.41718
70.6994	22.8537	-3.41823
69.9297	23.0526	-3.41858
69.158	23.2474	-3.41962
68.3897	23.4502	-3.42032
67.6222	23.6557	-3.42085
66.8539	23.8606	-3.42137
66.0873	24.0703	-3.42172
65.3211	24.2798	-3.42242
64.5554	24.4877	-3.42294
63.793	24.699	-3.42311
63.0319	24.911	-3.42311
62.267	25.1183	-3.42311
61.5031	25.3285	-3.42259
60.7413	25.5391	-3.42189
59.9661	25.7288	-3.42137
59.1998	25.9268	-3.42102
58.4338	26.1246	-3.42067
57.5899	26.337	-3.42015
56.8283	26.5334	-3.41997
56.0665	26.73	-3.4191
55.3106	26.9311	-3.4184
54.5534	27.1281	-3.4184
53.7968	27.3224	-3.41805
53.0484	27.5204	-3.4177
52.3056	27.717	-3.41753
51.5659	27.9104	-3.41718
50.8345	28.11	-3.41701
50.1094	28.3123	-3.41631
49.3901	28.5085	-3.41631
48.678	28.6957	-3.41613
47.9708	28.8815	-3.41613
47.2702	29.0576	-3.41613
46.5753	29.2352	-3.41613
45.8862	29.4124	-3.41631
45.2066	29.5898	-3.41648
44.5317	29.7679	-3.41683
43.8622	29.9444	-3.4177
43.1998	30.1188	-3.4184
42.5436	30.2937	-3.41893
41.8937	30.4674	-3.41962
41.2513	30.6386	-3.41945
40.6145	30.8082	-3.41927
39.9843	30.9752	-3.41927
39.3655	31.1461	-3.4191
38.7612	31.3275	-3.41875
38.1616	31.5041	-3.4191
37.5709	31.6788	-3.4191
36.9833	31.8468	-3.4191
36.3412	32.0292	-3.4198
35.815	32.1734	-3.42032
35.1807	32.3475	-3.42067
34.6656	32.4876	-3.42119
34.099	32.6425	-3.42207
33.4877	32.81	-3.42259
32.9435	32.9533	-3.42346
32.4056	33.0944	-3.42434
31.8693	33.2273	-3.42503
31.3368	33.3564	-3.42538
30.8164	33.4873	-3.42608
30.3035	33.6151	-3.42695
29.799	33.7368	-3.428
29.3038	33.8631	-3.4287
28.8146	33.9889	-3.42922
28.334	34.1175	-3.42957
27.8588	34.2559	-3.42975
27.3884	34.3918	-3.4301
26.9222	34.5259	-3.42992
26.4605	34.6558	-3.42957
26.0041	34.7801	-3.42992
25.5544	34.8983	-3.42957
25.1114	35.0163	-3.4287
24.6791	35.1354	-3.42695
24.2571	35.2526	-3.42486
23.84	35.3675	-3.42154
23.4301	35.4803	-3.41701
23.0285	35.5886	-3.4116
22.6423	35.707	-3.40566
22.262	35.82	-3.39868
21.8916	35.9365	-3.39117
21.5252	36.0512	-3.38175
21.1673	36.1602	-3.37145
20.812	36.2646	-3.36081
20.4623	36.3556	-3.34911
20.1203	36.4414	-3.33672
19.7909	36.5302	-3.32258
19.4623	36.6022	-3.30757
19.1397	36.6634	-3.29082
18.8281	36.7159	-3.27389
18.5228	36.7594	-3.25469
18.2252	36.7977	-3.23514
17.9352	36.8311	-3.21577
17.6462	36.8395	-3.19517
17.3614	36.8381	-3.1751
17.0802	36.8208	-3.15608
16.7954	36.7995	-3.13653
16.509	36.7777	-3.11629
16.2192	36.7515	-3.09604
15.9272	36.7263	-3.0751
15.634	36.6939	-3.05276
15.3395	36.6466	-3.02954
15.0435	36.5912	-3.00511
14.7409	36.5303	-2.98032
14.435	36.4673	-2.95467
14.1278	36.4088	-2.92796
13.8215	36.3434	-2.90161
13.5168	36.2677	-2.87368
13.2232	36.2006	-2.84436
12.9307	36.1222	-2.81452
12.6451	36.0391	-2.78467
12.3651	35.9485	-2.7543
12.0857	35.8454	-2.72376
11.8117	35.7358	-2.69339
11.5346	35.6094	-2.66128
11.2582	35.4772	-2.62969
10.9854	35.3514	-2.5981
10.7125	35.2068	-2.56703
10.442	35.0554	-2.53596
10.1783	34.8959	-2.50664
9.9202	34.7139	-2.47819
9.6915	34.5454	-2.45201
9.4147	34.328	-2.42007
9.15912	34.1154	-2.3925
8.92502	33.9213	-2.36562
8.6395	33.6734	-2.33351
8.40952	33.4594	-2.30785
8.1619	33.2081	-2.28045
7.9274	32.941	-2.25479
7.70642	32.6621	-2.23053
7.48239	32.3744	-2.20522
7.24951	32.0829	-2.18061
7.0145	31.7867	-2.15653
6.7887	31.4795	-2.13297
6.57471	31.161	-2.1108
6.371	30.832	-2.09073
6.17529	30.4932	-2.0724
5.9823	30.148	-2.05513
5.78439	29.7925	-2.03854
5.59271	29.4299	-2.02266
5.40512	29.0614	-2.00835
5.2175	28.6875	-1.99474
5.0368	28.3101	-1.98147
4.84381	27.9046	-1.96978
4.6496	27.4885	-1.95896
4.47531	27.0756	-1.94796
4.31012	26.6587	-1.93836
4.14401	26.2322	-1.92911
3.98752	25.8053	-1.91969
3.83832	25.3729	-1.91218
3.68951	24.9336	-1.90485
3.53751	24.4917	-1.89839
3.38449	24.0442	-1.89246
3.2294	23.5961	-1.8853
3.07581	23.1399	-1.87937
2.931	22.6733	-1.87466
2.78992	22.2106	-1.8696
2.64929	21.7371	-1.86419
2.504	21.2607	-1.85895
2.3519	20.7838	-1.85284
2.20111	20.2998	-1.84638
2.0621	19.8088	-1.84115
1.93192	19.314	-1.83539
1.8056	18.816	-1.82876
1.67752	18.3177	-1.82125
1.55139	17.8179	-1.81514
1.42502	17.3123	-1.80921
1.30652	16.8038	-1.80258
1.19211	16.2941	-1.79559
1.07629	15.7844	-1.78896
0.958893	15.2762	-1.78163
0.829193	14.7677	-1.77448
0.712097	14.2613	-1.76819
0.609497	13.7585	-1.76191
0.516907	13.2597	-1.7551
0.428314	12.7623	-1.74812
0.331421	12.2218	-1.74341
0.249115	11.7831	-1.73835
0.150299	11.2512	-1.73241
0.0718994	10.8234	-1.72788
-0.0116882	10.3082	-1.72456
-0.0770874	9.8476	-1.72247
-0.146088	9.3997	-1.7174
-0.208496	9.0055	-1.71426
-0.279694	8.5763	-1.71147
-0.354706	8.116	-1.70763
-0.412994	7.7081	-1.70484
-0.46579	7.3055	-1.70222
-0.509399	6.9161	-1.69943
-0.556305	6.5307	-1.69594
-0.609009	6.1529	-1.69297
-0.668701	5.7882	-1.69018
-0.723389	5.4215	-1.68738
-0.765289	5.0582	-1.68459
-0.798004	4.7351	-1.6818
-0.835907	4.3415	-1.67796
-0.865906	3.9833	-1.67464
-0.898804	3.6289	-1.67168
-0.944305	3.2714	-1.66801
-0.9888	2.9152	-1.66382
-1.03519	2.5552	-1.65894
-1.07718	2.1926	-1.65283
-1.11499	1.8317	-1.64532
-1.15421	1.4647	-1.63747
-1.1886	1.1012	-1.62769
-1.21729	0.742599	-1.61617
-1.2381	0.3874	-1.60466
-1.25571	0.0346012	-1.59139
-1.2782	-0.3146	-1.57621
-1.30109	-0.6618	-1.5605
-1.30869	-1.0105	-1.54322
-1.30258	-1.3587	-1.52472
-1.2905	-1.7054	-1.50535
-1.2702	-2.051	-1.48597
-1.24438	-2.3968	-1.46555
-1.21149	-2.7418	-1.44513
-1.17758	-3.051	-1.42681
-1.1337	-3.3939	-1.40569
-1.08218	-3.7365	-1.38474
-1.02438	-4.0795	-1.3631
-0.956787	-4.4272	-1.34006
-0.880585	-4.7782	-1.31703
-0.793182	-5.1316	-1.29451
-0.694092	-5.4796	-1.27165
-0.583496	-5.8298	-1.24913
-0.462189	-6.1823	-1.22644
-0.330292	-6.5406	-1.20358
-0.189209	-6.9031	-1.18089
-0.0357971	-7.2687	-1.15803
0.126495	-7.6376	-1.13429
0.301605	-8.0084	-1.11212
0.494019	-8.3826	-1.08961
0.694	-8.7593	-1.06675
0.906494	-9.1374	-1.04563
1.12939	-9.5194	-1.02451
1.3624	-9.9044	-1.00496
1.6073	-10.2933	-0.986635
1.86621	-10.6833	-0.969879
2.13712	-11.0693	-0.955393
2.41791	-11.455	-0.94178
2.7049	-11.8455	-0.927992
2.99402	-12.2412	-0.914553
3.29062	-12.6388	-0.902161
3.59741	-13.0373	-0.890816
3.91782	-13.4323	-0.88174
4.24719	-13.828	-0.874235
4.57541	-14.2294	-0.866905
4.90802	-14.6363	-0.859575
5.25101	-15.0442	-0.853117
5.60641	-15.4514	-0.847881
5.97	-15.859	-0.84439
6.33731	-16.2704	-0.841249
6.70731	-16.6884	-0.837234
7.08279	-17.1123	-0.833569
7.46512	-17.5393	-0.830079
7.85791	-17.9651	-0.827112
8.26102	-18.389	-0.823621
8.66891	-18.8181	-0.82013
9.0838	-19.253	-0.81664
9.50342	-19.6952	-0.813847
9.92902	-20.1421	-0.81088
10.3648	-20.6027	-0.80896
10.8058	-21.0646	-0.807738
11.2565	-21.5208	-0.806517
11.715	-21.9752	-0.804771
12.171	-22.437	-0.804248
12.6271	-22.9013	-0.804248
13.0861	-23.3648	-0.804422
13.5435	-23.8326	-0.80512
13.9988	-24.3012	-0.806342
14.4559	-24.7652	-0.808087
14.9152	-25.2228	-0.809833
15.3715	-25.6816	-0.811578
15.8284	-26.1364	-0.813323
16.2798	-26.5957	-0.814894
16.7292	-27.0566	-0.816116
17.18	-27.5253	-0.817512
17.6291	-27.9977	-0.818908
18.0826	-28.4676	-0.82013
18.5416	-28.9359	-0.820828
18.9974	-29.4091	-0.821526
19.4533	-29.8824	-0.822399
19.9106	-30.3557	-0.823097
20.3635	-30.8352	-0.823795
20.816	-31.3167	-0.824843
21.2694	-31.8006	-0.825541
21.7241	-32.2895	-0.82589
22.1807	-32.7786	-0.826762
22.6389	-33.2726	-0.827635
23.0943	-33.7689	-0.82781
23.5503	-34.2658	-0.828159
24.0134	-34.7652	-0.828857
24.4744	-35.2642	-0.829206
24.9337	-35.7638	-0.82938
25.3942	-36.2643	-0.82938
25.855	-36.7669	-0.829555
26.3171	-37.2725	-0.829555
26.7812	-37.7798	-0.829555
27.2472	-38.2904	-0.829555
27.7149	-38.8036	-0.82938
28.183	-39.3211	-0.829206
28.6482	-39.8403	-0.829031
29.1152	-40.3599	-0.828682
29.5841	-40.877	-0.828333
30.0544	-41.3925	-0.82781
30.5252	-41.9085	-0.82589
30.9961	-42.4283	-0.823272
31.4699	-42.9444	-0.820479
31.9439	-43.4614	-0.817861
32.418	-43.9803	-0.814894
32.8919	-44.4938	-0.812276
33.3658	-45.0054	-0.809484
33.8398	-45.5173	-0.806517
34.3205	-46.0305	-0.803724
34.8051	-46.5435	-0.801106
35.2917	-47.0578	-0.798139
35.7339	-47.519	-0.795347
36.2267	-48.0298	-0.792729
36.7248	-48.5401	-0.790285
37.2282	-49.051	-0.787667
37.732	-49.559	-0.785573
38.2366	-50.0672	-0.783653
38.7426	-50.5769	-0.782082
39.245	-51.0847	-0.780686
39.7475	-51.5916	-0.779639
40.2505	-52.0991	-0.77894
40.755	-52.6066	-0.778068
41.2602	-53.1137	-0.777719
41.7774	-53.6045	-0.777544
42.3006	-54.0881	-0.777893
42.8219	-54.5743	-0.777893
43.3479	-55.0587	-0.777893
43.8681	-55.549	-0.778242
44.3841	-56.044	-0.779115
44.8955	-56.5465	-0.779988
45.4048	-57.0486	-0.781384
45.9108	-57.5491	-0.782955
46.4136	-58.0499	-0.784526
46.9114	-58.5553	-0.785573
47.4059	-59.0612	-0.786969